# dim ns_lnz ns_lnz_err
001 -2.32946e+00 5.60098e-02
001 -2.42335e+00 5.73944e-02
001 -2.29641e+00 5.55845e-02
001 -2.34759e+00 5.64547e-02
001 -2.36440e+00 5.64067e-02
001 -2.35918e+00 5.63730e-02
001 -2.26569e+00 5.51261e-02
001 -2.32596e+00 5.57224e-02
001 -2.34104e+00 5.61758e-02
001 -2.30540e+00 5.57402e-02
001 -2.27990e+00 5.54546e-02
001 -2.29965e+00 5.57180e-02
001 -2.39362e+00 5.67021e-02
001 -2.31861e+00 5.60083e-02
001 -2.38298e+00 5.66637e-02
001 -2.32944e+00 5.60097e-02
001 -2.29760e+00 5.57774e-02
001 -2.24593e+00 5.49034e-02
001 -2.25553e+00 5.49107e-02
001 -2.31359e+00 5.58199e-02
001 -2.35400e+00 5.62764e-02
001 -2.23739e+00 5.48630e-02
001 -2.30055e+00 5.56194e-02
001 -2.30114e+00 5.57521e-02
001 -2.31620e+00 5.57822e-02
001 -2.21103e+00 5.44008e-02
001 -2.29800e+00 5.56643e-02
001 -2.40380e+00 5.67845e-02
001 -2.29726e+00 5.57381e-02
001 -2.27753e+00 5.51317e-02
001 -2.30320e+00 5.57242e-02
001 -2.28291e+00 5.53800e-02
001 -2.34991e+00 5.62011e-02
001 -2.32777e+00 5.62194e-02
001 -2.22012e+00 5.45625e-02
001 -2.29524e+00 5.56206e-02
001 -2.21970e+00 5.44638e-02
001 -2.29975e+00 5.57085e-02
001 -2.35310e+00 5.63494e-02
001 -2.32445e+00 5.60986e-02
001 -2.29734e+00 5.56235e-02
001 -2.37032e+00 5.66622e-02
001 -2.35793e+00 5.61324e-02
001 -2.25526e+00 5.50776e-02
001 -2.33053e+00 5.60351e-02
001 -2.29361e+00 5.54850e-02
001 -2.31224e+00 5.59035e-02
001 -2.32112e+00 5.58912e-02
001 -2.28080e+00 5.53614e-02
001 -2.27913e+00 5.53622e-02
001 -2.29241e+00 5.54933e-02
001 -2.35851e+00 5.65017e-02
001 -2.28043e+00 5.52309e-02
001 -2.32035e+00 5.60854e-02
001 -2.34141e+00 5.63199e-02
001 -2.34656e+00 5.62863e-02
001 -2.31744e+00 5.59243e-02
001 -2.24042e+00 5.48682e-02
001 -2.33259e+00 5.62237e-02
001 -2.33926e+00 5.63072e-02
001 -2.27512e+00 5.53973e-02
001 -2.24858e+00 5.50194e-02
001 -2.30394e+00 5.55330e-02
001 -2.35013e+00 5.64258e-02
001 -2.30024e+00 5.54927e-02
001 -2.23573e+00 5.47187e-02
001 -2.30158e+00 5.54850e-02
001 -2.34914e+00 5.63192e-02
001 -2.24777e+00 5.48964e-02
001 -2.24820e+00 5.47826e-02
001 -2.28315e+00 5.54616e-02
001 -2.36281e+00 5.64342e-02
001 -2.28300e+00 5.52368e-02
001 -2.24555e+00 5.49063e-02
001 -2.39531e+00 5.68323e-02
001 -2.27756e+00 5.52366e-02
001 -2.26211e+00 5.52118e-02
001 -2.26777e+00 5.52358e-02
001 -2.31909e+00 5.60407e-02
001 -2.34424e+00 5.61515e-02
001 -2.25352e+00 5.50949e-02
001 -2.29983e+00 5.55969e-02
001 -2.38098e+00 5.66485e-02
001 -2.29689e+00 5.55518e-02
001 -2.28105e+00 5.55988e-02
001 -2.26142e+00 5.51981e-02
001 -2.28370e+00 5.54545e-02
001 -2.27939e+00 5.54337e-02
001 -2.31717e+00 5.59176e-02
001 -2.35223e+00 5.64338e-02
001 -2.24740e+00 5.48902e-02
001 -2.35582e+00 5.63520e-02
001 -2.33253e+00 5.61457e-02
001 -2.30768e+00 5.58353e-02
001 -2.27021e+00 5.52319e-02
001 -2.35291e+00 5.62523e-02
001 -2.28467e+00 5.53956e-02
001 -2.28290e+00 5.55283e-02
001 -2.29830e+00 5.54671e-02
001 -2.31827e+00 5.59120e-02
001 -2.29640e+00 5.55066e-02
001 -2.28705e+00 5.54193e-02
001 -2.25565e+00 5.50354e-02
001 -2.27452e+00 5.55591e-02
001 -2.27362e+00 5.52841e-02
001 -2.24343e+00 5.47689e-02
001 -2.28562e+00 5.55294e-02
001 -2.35484e+00 5.64087e-02
001 -2.28220e+00 5.53874e-02
001 -2.29582e+00 5.55242e-02
001 -2.34426e+00 5.61827e-02
001 -2.23462e+00 5.47783e-02
001 -2.31785e+00 5.59091e-02
001 -2.39682e+00 5.69527e-02
001 -2.26122e+00 5.51796e-02
001 -2.29844e+00 5.56415e-02
001 -2.37773e+00 5.65244e-02
001 -2.26653e+00 5.52269e-02
001 -2.27094e+00 5.53162e-02
001 -2.35830e+00 5.65115e-02
001 -2.23291e+00 5.45085e-02
001 -2.39111e+00 5.69091e-02
001 -2.33793e+00 5.61448e-02
001 -2.29911e+00 5.57270e-02
001 -2.26821e+00 5.51844e-02
001 -2.35695e+00 5.62969e-02
001 -2.27672e+00 5.53597e-02
001 -2.27172e+00 5.54551e-02
001 -2.25618e+00 5.49488e-02
001 -2.24647e+00 5.50134e-02
001 -2.22614e+00 5.48073e-02
001 -2.26662e+00 5.51779e-02
001 -2.33990e+00 5.62152e-02
001 -2.35319e+00 5.62924e-02
001 -2.32966e+00 5.59658e-02
001 -2.28156e+00 5.54198e-02
001 -2.28941e+00 5.54610e-02
001 -2.28665e+00 5.54888e-02
001 -2.28949e+00 5.53621e-02
001 -2.28086e+00 5.53951e-02
001 -2.30109e+00 5.55496e-02
001 -2.35112e+00 5.63176e-02
001 -2.35148e+00 5.62783e-02
001 -2.33594e+00 5.61418e-02
001 -2.30111e+00 5.55689e-02
001 -2.34891e+00 5.63363e-02
001 -2.32473e+00 5.59096e-02
001 -2.34970e+00 5.60127e-02
001 -2.29613e+00 5.56428e-02
001 -2.30629e+00 5.59082e-02
001 -2.32219e+00 5.58868e-02
001 -2.28795e+00 5.54755e-02
001 -2.28407e+00 5.54859e-02
001 -2.41283e+00 5.71944e-02
001 -2.26074e+00 5.52410e-02
001 -2.32113e+00 5.58760e-02
001 -2.28718e+00 5.54133e-02
001 -2.32822e+00 5.58511e-02
001 -2.35757e+00 5.63694e-02
001 -2.38309e+00 5.68252e-02
001 -2.19093e+00 5.41798e-02
001 -2.32407e+00 5.59052e-02
001 -2.35825e+00 5.65452e-02
001 -2.36003e+00 5.63981e-02
001 -2.27349e+00 5.52116e-02
001 -2.31587e+00 5.57873e-02
001 -2.33752e+00 5.59198e-02
001 -2.35011e+00 5.62562e-02
001 -2.21012e+00 5.43668e-02
001 -2.32780e+00 5.60005e-02
001 -2.28384e+00 5.55227e-02
001 -2.33686e+00 5.62590e-02
001 -2.26920e+00 5.53412e-02
001 -2.33892e+00 5.63033e-02
001 -2.30245e+00 5.57576e-02
001 -2.30517e+00 5.56098e-02
001 -2.31054e+00 5.58624e-02
001 -2.21649e+00 5.46837e-02
001 -2.30165e+00 5.58155e-02
001 -2.38026e+00 5.68948e-02
001 -2.30416e+00 5.56681e-02
001 -2.27868e+00 5.53242e-02
001 -2.24576e+00 5.48832e-02
001 -2.27529e+00 5.54755e-02
001 -2.30614e+00 5.58488e-02
001 -2.28044e+00 5.53894e-02
001 -2.30944e+00 5.57580e-02
001 -2.31852e+00 5.60447e-02
001 -2.33065e+00 5.62244e-02
001 -2.39556e+00 5.69754e-02
001 -2.27167e+00 5.51555e-02
001 -2.27406e+00 5.53197e-02
001 -2.28928e+00 5.55622e-02
001 -2.29900e+00 5.56439e-02
001 -2.29046e+00 5.54186e-02
001 -2.32258e+00 5.58612e-02
001 -2.30150e+00 5.55834e-02
001 -2.31980e+00 5.58913e-02
001 -2.31076e+00 5.59618e-02
001 -2.27038e+00 5.51945e-02
001 -2.33426e+00 5.60929e-02
001 -2.32408e+00 5.59892e-02
001 -2.28505e+00 5.53431e-02
001 -2.38546e+00 5.68278e-02
001 -2.26996e+00 5.51583e-02
001 -2.41109e+00 5.70347e-02
001 -2.41239e+00 5.69801e-02
001 -2.25521e+00 5.52174e-02
001 -2.31575e+00 5.58534e-02
001 -2.35488e+00 5.64094e-02
001 -2.31787e+00 5.58758e-02
001 -2.31225e+00 5.57599e-02
001 -2.34544e+00 5.61365e-02
001 -2.35484e+00 5.65376e-02
001 -2.40210e+00 5.69337e-02
001 -2.28491e+00 5.53535e-02
001 -2.34420e+00 5.62630e-02
001 -2.22208e+00 5.45577e-02
001 -2.31128e+00 5.58162e-02
001 -2.35714e+00 5.61472e-02
001 -2.33449e+00 5.62309e-02
001 -2.27525e+00 5.53248e-02
001 -2.23424e+00 5.48115e-02
001 -2.30383e+00 5.59566e-02
001 -2.29329e+00 5.55681e-02
001 -2.30304e+00 5.56789e-02
001 -2.36026e+00 5.64989e-02
001 -2.29168e+00 5.54349e-02
001 -2.30256e+00 5.55350e-02
001 -2.22503e+00 5.46134e-02
001 -2.26061e+00 5.51020e-02
001 -2.30340e+00 5.57677e-02
001 -2.25439e+00 5.50933e-02
001 -2.32927e+00 5.59573e-02
001 -2.29529e+00 5.57614e-02
001 -2.38248e+00 5.68282e-02
001 -2.30510e+00 5.55988e-02
001 -2.30922e+00 5.56929e-02
001 -2.21481e+00 5.45373e-02
001 -2.30805e+00 5.59190e-02
001 -2.27692e+00 5.54660e-02
001 -2.36251e+00 5.65202e-02
001 -2.35522e+00 5.65174e-02
001 -2.35882e+00 5.61863e-02
001 -2.26058e+00 5.51380e-02
001 -2.26476e+00 5.51721e-02
001 -2.24645e+00 5.51668e-02
001 -2.28225e+00 5.52978e-02
001 -2.26139e+00 5.52237e-02
001 -2.28505e+00 5.56552e-02
001 -2.28274e+00 5.56293e-02
001 -2.29795e+00 5.54189e-02
001 -2.25494e+00 5.51206e-02
001 -2.26210e+00 5.52921e-02
001 -2.29786e+00 5.54874e-02
001 -2.30231e+00 5.56965e-02
001 -2.28113e+00 5.54565e-02
001 -2.33103e+00 5.61117e-02
001 -2.20514e+00 5.44355e-02
001 -2.33787e+00 5.61316e-02
001 -2.40468e+00 5.70506e-02
001 -2.28850e+00 5.55354e-02
001 -2.41979e+00 5.70955e-02
001 -2.30674e+00 5.56790e-02
001 -2.32835e+00 5.61742e-02
001 -2.32818e+00 5.58354e-02
001 -2.32304e+00 5.60678e-02
001 -2.37869e+00 5.66153e-02
001 -2.23121e+00 5.48833e-02
001 -2.27139e+00 5.54569e-02
001 -2.31867e+00 5.59183e-02
001 -2.33039e+00 5.59958e-02
001 -2.21252e+00 5.46170e-02
001 -2.31272e+00 5.58796e-02
001 -2.19242e+00 5.41669e-02
001 -2.33826e+00 5.61659e-02
001 -2.35194e+00 5.62626e-02
001 -2.28849e+00 5.54143e-02
001 -2.32006e+00 5.59901e-02
001 -2.29391e+00 5.56174e-02
001 -2.35719e+00 5.64202e-02
001 -2.29365e+00 5.56648e-02
001 -2.32285e+00 5.60543e-02
001 -2.20592e+00 5.42637e-02
001 -2.25655e+00 5.51466e-02
001 -2.36633e+00 5.63192e-02
001 -2.29629e+00 5.55739e-02
001 -2.31233e+00 5.59024e-02
001 -2.34058e+00 5.61343e-02
001 -2.27668e+00 5.54950e-02
001 -2.32776e+00 5.61264e-02
001 -2.31086e+00 5.58683e-02
001 -2.19297e+00 5.42140e-02
001 -2.26900e+00 5.52763e-02
001 -2.29299e+00 5.55343e-02
001 -2.30052e+00 5.55118e-02
001 -2.27803e+00 5.52060e-02
001 -2.27473e+00 5.50988e-02
001 -2.29760e+00 5.57879e-02
001 -2.29056e+00 5.53462e-02
001 -2.33131e+00 5.59016e-02
001 -2.29268e+00 5.56006e-02
001 -2.31427e+00 5.57713e-02
001 -2.29745e+00 5.57164e-02
001 -2.32106e+00 5.59226e-02
001 -2.30430e+00 5.57177e-02
001 -2.27533e+00 5.53943e-02
001 -2.31008e+00 5.56650e-02
001 -2.25136e+00 5.50390e-02
001 -2.32792e+00 5.61083e-02
001 -2.35177e+00 5.63006e-02
001 -2.42582e+00 5.72176e-02
001 -2.33189e+00 5.59392e-02
001 -2.31525e+00 5.59883e-02
001 -2.34577e+00 5.62400e-02
001 -2.31075e+00 5.57181e-02
001 -2.34829e+00 5.61991e-02
001 -2.32648e+00 5.59685e-02
001 -2.39048e+00 5.67306e-02
001 -2.29858e+00 5.56588e-02
001 -2.26881e+00 5.53666e-02
001 -2.32096e+00 5.59850e-02
001 -2.25963e+00 5.51000e-02
001 -2.33421e+00 5.60884e-02
001 -2.20205e+00 5.44509e-02
001 -2.36550e+00 5.64629e-02
001 -2.28388e+00 5.53682e-02
001 -2.25574e+00 5.49944e-02
001 -2.30887e+00 5.57603e-02
001 -2.28214e+00 5.53915e-02
001 -2.39921e+00 5.68878e-02
001 -2.32770e+00 5.59390e-02
001 -2.31266e+00 5.60022e-02
001 -2.30738e+00 5.57378e-02
001 -2.29474e+00 5.56593e-02
001 -2.30416e+00 5.58052e-02
001 -2.20626e+00 5.45637e-02
001 -2.24831e+00 5.51413e-02
001 -2.28299e+00 5.55082e-02
001 -2.22485e+00 5.48556e-02
001 -2.23413e+00 5.48031e-02
001 -2.20468e+00 5.42594e-02
001 -2.34790e+00 5.62557e-02
001 -2.29392e+00 5.55340e-02
001 -2.31282e+00 5.57669e-02
001 -2.30263e+00 5.58403e-02
001 -2.31397e+00 5.58744e-02
001 -2.27993e+00 5.52911e-02
001 -2.32564e+00 5.58773e-02
001 -2.31984e+00 5.60261e-02
001 -2.35383e+00 5.63135e-02
001 -2.32123e+00 5.59762e-02
001 -2.28284e+00 5.54095e-02
001 -2.24484e+00 5.50567e-02
001 -2.33060e+00 5.60749e-02
001 -2.41735e+00 5.72290e-02
001 -2.29370e+00 5.55764e-02
001 -2.28456e+00 5.53926e-02
001 -2.29473e+00 5.56175e-02
001 -2.40574e+00 5.68733e-02
001 -2.26819e+00 5.52009e-02
001 -2.30489e+00 5.56339e-02
001 -2.35079e+00 5.63172e-02
001 -2.22602e+00 5.48220e-02
001 -2.31254e+00 5.56650e-02
001 -2.28284e+00 5.53869e-02
001 -2.32392e+00 5.60097e-02
001 -2.29734e+00 5.53779e-02
001 -2.24972e+00 5.49185e-02
001 -2.29511e+00 5.54963e-02
001 -2.29634e+00 5.54591e-02
001 -2.29600e+00 5.57075e-02
001 -2.34037e+00 5.60418e-02
001 -2.34547e+00 5.63977e-02
001 -2.31338e+00 5.59463e-02
001 -2.27314e+00 5.53193e-02
001 -2.31501e+00 5.58353e-02
001 -2.27077e+00 5.50441e-02
001 -2.32663e+00 5.60336e-02
001 -2.32844e+00 5.60877e-02
001 -2.29604e+00 5.55712e-02
001 -2.29339e+00 5.55662e-02
001 -2.29860e+00 5.58021e-02
001 -2.30177e+00 5.55957e-02
001 -2.29354e+00 5.56818e-02
001 -2.22485e+00 5.47238e-02
001 -2.33512e+00 5.61208e-02
001 -2.27327e+00 5.52230e-02
001 -2.16821e+00 5.40146e-02
001 -2.35430e+00 5.63983e-02
001 -2.26759e+00 5.52390e-02
001 -2.39774e+00 5.69074e-02
001 -2.32609e+00 5.59776e-02
001 -2.19857e+00 5.42347e-02
001 -2.40682e+00 5.70082e-02
001 -2.37382e+00 5.67541e-02
001 -2.29152e+00 5.52381e-02
001 -2.26502e+00 5.52794e-02
001 -2.29965e+00 5.55506e-02
001 -2.30707e+00 5.58298e-02
001 -2.26260e+00 5.51813e-02
001 -2.25875e+00 5.50629e-02
001 -2.27811e+00 5.51733e-02
001 -2.29928e+00 5.58339e-02
001 -2.23245e+00 5.47694e-02
001 -2.43184e+00 5.73874e-02
001 -2.28071e+00 5.53166e-02
001 -2.31084e+00 5.58628e-02
001 -2.30557e+00 5.57945e-02
001 -2.33314e+00 5.59722e-02
001 -2.37364e+00 5.66476e-02
001 -2.25094e+00 5.49637e-02
001 -2.29081e+00 5.55514e-02
001 -2.32875e+00 5.60639e-02
001 -2.34868e+00 5.62948e-02
001 -2.27576e+00 5.53592e-02
001 -2.30578e+00 5.58112e-02
001 -2.35459e+00 5.63474e-02
001 -2.31736e+00 5.59732e-02
001 -2.36844e+00 5.65420e-02
001 -2.28830e+00 5.54061e-02
001 -2.32983e+00 5.60436e-02
001 -2.34507e+00 5.63683e-02
001 -2.25158e+00 5.51384e-02
001 -2.33912e+00 5.60701e-02
001 -2.28611e+00 5.54471e-02
001 -2.32333e+00 5.62702e-02
001 -2.30829e+00 5.58387e-02
001 -2.29024e+00 5.56827e-02
001 -2.25033e+00 5.47615e-02
001 -2.36878e+00 5.66364e-02
001 -2.39130e+00 5.66966e-02
001 -2.27353e+00 5.54517e-02
001 -2.29768e+00 5.57061e-02
001 -2.30190e+00 5.56384e-02
001 -2.24381e+00 5.50088e-02
001 -2.26557e+00 5.53286e-02
001 -2.23518e+00 5.48547e-02
001 -2.36082e+00 5.65354e-02
001 -2.32472e+00 5.58924e-02
001 -2.28544e+00 5.56259e-02
001 -2.27041e+00 5.52119e-02
001 -2.30172e+00 5.56614e-02
001 -2.25463e+00 5.50399e-02
001 -2.37138e+00 5.65776e-02
001 -2.33494e+00 5.60366e-02
001 -2.26146e+00 5.51152e-02
001 -2.28212e+00 5.52306e-02
001 -2.28871e+00 5.55174e-02
001 -2.27674e+00 5.52966e-02
001 -2.33112e+00 5.60307e-02
001 -2.25161e+00 5.50618e-02
001 -2.18001e+00 5.38790e-02
001 -2.24373e+00 5.50587e-02
001 -2.33449e+00 5.60439e-02
001 -2.33095e+00 5.58483e-02
001 -2.36575e+00 5.65604e-02
001 -2.30582e+00 5.57485e-02
001 -2.33586e+00 5.59406e-02
001 -2.26312e+00 5.52426e-02
001 -2.34515e+00 5.62446e-02
001 -2.31455e+00 5.60177e-02
001 -2.32089e+00 5.59405e-02
001 -2.27651e+00 5.52646e-02
001 -2.27559e+00 5.54878e-02
001 -2.35371e+00 5.62888e-02
001 -2.26010e+00 5.49970e-02
001 -2.24119e+00 5.50030e-02
001 -2.37043e+00 5.66377e-02
001 -2.25400e+00 5.51142e-02
001 -2.29175e+00 5.54812e-02
001 -2.35908e+00 5.64034e-02
001 -2.26338e+00 5.51079e-02
001 -2.27369e+00 5.53176e-02
001 -2.26395e+00 5.50934e-02
001 -2.30718e+00 5.58053e-02
001 -2.30697e+00 5.58371e-02
001 -2.23395e+00 5.48441e-02
001 -2.34445e+00 5.61884e-02
001 -2.38672e+00 5.66676e-02
001 -2.27123e+00 5.55439e-02
001 -2.30918e+00 5.57266e-02
001 -2.29914e+00 5.57304e-02
001 -2.24708e+00 5.51030e-02
001 -2.28344e+00 5.55066e-02
001 -2.30445e+00 5.56432e-02
001 -2.34470e+00 5.59689e-02
001 -2.26780e+00 5.50633e-02
001 -2.31098e+00 5.58237e-02
001 -2.30239e+00 5.55938e-02
001 -2.35100e+00 5.62183e-02
001 -2.27658e+00 5.56247e-02
001 -2.33421e+00 5.58866e-02
001 -2.33479e+00 5.59819e-02
001 -2.28158e+00 5.55102e-02
001 -2.30037e+00 5.56380e-02
001 -2.33795e+00 5.60715e-02
001 -2.31581e+00 5.58144e-02
001 -2.33053e+00 5.60665e-02
001 -2.28854e+00 5.54163e-02
001 -2.25735e+00 5.52942e-02
001 -2.26613e+00 5.52285e-02
001 -2.24620e+00 5.50556e-02
001 -2.28835e+00 5.54680e-02
001 -2.29506e+00 5.55809e-02
001 -2.35847e+00 5.62723e-02
001 -2.29417e+00 5.55548e-02
001 -2.29818e+00 5.55605e-02
001 -2.38251e+00 5.67109e-02
001 -2.27836e+00 5.52716e-02
001 -2.32288e+00 5.60245e-02
001 -2.32016e+00 5.59745e-02
001 -2.31665e+00 5.58585e-02
001 -2.28013e+00 5.52563e-02
001 -2.33227e+00 5.59897e-02
001 -2.27421e+00 5.53125e-02
001 -2.29723e+00 5.55592e-02
001 -2.30440e+00 5.56218e-02
001 -2.32575e+00 5.60027e-02
001 -2.29504e+00 5.56542e-02
001 -2.38484e+00 5.66035e-02
001 -2.29891e+00 5.55820e-02
001 -2.32539e+00 5.61538e-02
001 -2.35850e+00 5.64162e-02
001 -2.24685e+00 5.49714e-02
001 -2.24048e+00 5.48843e-02
001 -2.28026e+00 5.53771e-02
001 -2.28680e+00 5.55085e-02
001 -2.26675e+00 5.51995e-02
001 -2.32428e+00 5.58076e-02
001 -2.26511e+00 5.50907e-02
001 -2.36297e+00 5.64926e-02
001 -2.22531e+00 5.46630e-02
001 -2.35514e+00 5.63121e-02
001 -2.30126e+00 5.56359e-02
001 -2.27937e+00 5.53192e-02
001 -2.26568e+00 5.52276e-02
001 -2.34995e+00 5.62229e-02
001 -2.39140e+00 5.67880e-02
001 -2.26907e+00 5.51367e-02
001 -2.28186e+00 5.54247e-02
001 -2.31659e+00 5.58568e-02
001 -2.35359e+00 5.63042e-02
001 -2.27487e+00 5.52267e-02
001 -2.21881e+00 5.45671e-02
001 -2.27265e+00 5.51164e-02
001 -2.33550e+00 5.59561e-02
001 -2.33182e+00 5.61871e-02
001 -2.36123e+00 5.65846e-02
001 -2.34363e+00 5.60871e-02
001 -2.34939e+00 5.63150e-02
001 -2.25138e+00 5.49697e-02
001 -2.32163e+00 5.59139e-02
001 -2.36319e+00 5.64768e-02
001 -2.32996e+00 5.60375e-02
001 -2.31650e+00 5.57889e-02
001 -2.24629e+00 5.49741e-02
001 -2.29176e+00 5.55589e-02
001 -2.32567e+00 5.61023e-02
001 -2.39366e+00 5.69648e-02
001 -2.31337e+00 5.59539e-02
001 -2.29290e+00 5.56227e-02
001 -2.27795e+00 5.53558e-02
001 -2.28239e+00 5.54059e-02
001 -2.27639e+00 5.52957e-02
001 -2.34045e+00 5.63364e-02
001 -2.37710e+00 5.67332e-02
001 -2.33365e+00 5.62134e-02
001 -2.25924e+00 5.51946e-02
001 -2.28756e+00 5.53970e-02
001 -2.17914e+00 5.41064e-02
001 -2.26504e+00 5.52608e-02
001 -2.30283e+00 5.55278e-02
001 -2.32929e+00 5.61006e-02
001 -2.36804e+00 5.64612e-02
001 -2.31518e+00 5.57911e-02
001 -2.31854e+00 5.58952e-02
001 -2.28695e+00 5.56550e-02
001 -2.34381e+00 5.61701e-02
001 -2.34287e+00 5.62581e-02
001 -2.34326e+00 5.62721e-02
001 -2.29648e+00 5.56094e-02
001 -2.34282e+00 5.62038e-02
001 -2.33994e+00 5.62378e-02
001 -2.29281e+00 5.56945e-02
001 -2.33666e+00 5.59916e-02
001 -2.34587e+00 5.61751e-02
001 -2.35905e+00 5.63313e-02
001 -2.33724e+00 5.60685e-02
001 -2.29681e+00 5.54699e-02
001 -2.28986e+00 5.55926e-02
001 -2.28484e+00 5.54868e-02
001 -2.29444e+00 5.55419e-02
001 -2.32492e+00 5.61310e-02
001 -2.30825e+00 5.57836e-02
001 -2.35402e+00 5.63411e-02
001 -2.36008e+00 5.64563e-02
001 -2.21935e+00 5.47411e-02
001 -2.28475e+00 5.54549e-02
001 -2.30482e+00 5.58495e-02
001 -2.19304e+00 5.42449e-02
001 -2.33722e+00 5.60614e-02
001 -2.34883e+00 5.62366e-02
001 -2.37262e+00 5.65753e-02
001 -2.32746e+00 5.58933e-02
001 -2.27290e+00 5.52027e-02
001 -2.27644e+00 5.52862e-02
001 -2.27141e+00 5.51536e-02
001 -2.35197e+00 5.63487e-02
001 -2.25090e+00 5.50738e-02
001 -2.33595e+00 5.61627e-02
001 -2.37124e+00 5.66362e-02
001 -2.25425e+00 5.50578e-02
001 -2.34260e+00 5.59840e-02
001 -2.35020e+00 5.61755e-02
001 -2.28680e+00 5.55443e-02
001 -2.23690e+00 5.46546e-02
001 -2.36028e+00 5.63116e-02
001 -2.34280e+00 5.61033e-02
001 -2.32186e+00 5.60013e-02
001 -2.25434e+00 5.49764e-02
001 -2.32326e+00 5.58649e-02
001 -2.29431e+00 5.55133e-02
001 -2.29757e+00 5.55071e-02
001 -2.35639e+00 5.65855e-02
001 -2.25882e+00 5.50567e-02
001 -2.33880e+00 5.61956e-02
001 -2.36233e+00 5.62499e-02
001 -2.32234e+00 5.59351e-02
001 -2.27797e+00 5.53468e-02
001 -2.32932e+00 5.61592e-02
001 -2.35701e+00 5.63414e-02
001 -2.34811e+00 5.62566e-02
001 -2.31961e+00 5.57757e-02
001 -2.30794e+00 5.57154e-02
001 -2.39518e+00 5.69423e-02
001 -2.35563e+00 5.64005e-02
001 -2.32531e+00 5.59657e-02
001 -2.28714e+00 5.54966e-02
001 -2.31875e+00 5.58502e-02
001 -2.28826e+00 5.53139e-02
001 -2.35963e+00 5.66479e-02
001 -2.30150e+00 5.57998e-02
001 -2.24642e+00 5.48261e-02
001 -2.21720e+00 5.45707e-02
001 -2.24400e+00 5.49278e-02
001 -2.21790e+00 5.44719e-02
001 -2.33415e+00 5.59811e-02
001 -2.37419e+00 5.66937e-02
001 -2.28599e+00 5.53916e-02
001 -2.30873e+00 5.57529e-02
001 -2.35266e+00 5.63059e-02
001 -2.31840e+00 5.58618e-02
001 -2.32548e+00 5.58006e-02
001 -2.26130e+00 5.48300e-02
001 -2.26335e+00 5.51097e-02
001 -2.42000e+00 5.73073e-02
001 -2.32600e+00 5.60010e-02
001 -2.25841e+00 5.52112e-02
001 -2.33232e+00 5.61131e-02
001 -2.29848e+00 5.56455e-02
001 -2.31188e+00 5.56577e-02
001 -2.22595e+00 5.48591e-02
001 -2.33188e+00 5.58081e-02
001 -2.34024e+00 5.62108e-02
001 -2.29144e+00 5.54058e-02
001 -2.37018e+00 5.65422e-02
001 -2.28793e+00 5.57000e-02
001 -2.21774e+00 5.46040e-02
001 -2.37584e+00 5.63969e-02
001 -2.39700e+00 5.68976e-02
001 -2.24472e+00 5.47753e-02
001 -2.28814e+00 5.55817e-02
001 -2.27675e+00 5.51395e-02
001 -2.28227e+00 5.53719e-02
001 -2.30602e+00 5.57354e-02
001 -2.38559e+00 5.66013e-02
001 -2.34395e+00 5.63081e-02
001 -2.31251e+00 5.58769e-02
001 -2.36730e+00 5.64139e-02
001 -2.23488e+00 5.49054e-02
001 -2.29514e+00 5.56765e-02
001 -2.30803e+00 5.57595e-02
001 -2.27649e+00 5.52834e-02
001 -2.27727e+00 5.52100e-02
001 -2.22945e+00 5.47449e-02
001 -2.34975e+00 5.63588e-02
001 -2.22998e+00 5.46746e-02
001 -2.37529e+00 5.65751e-02
001 -2.31662e+00 5.58269e-02
001 -2.26567e+00 5.54678e-02
001 -2.28692e+00 5.54138e-02
001 -2.24799e+00 5.50180e-02
001 -2.33648e+00 5.60301e-02
001 -2.25846e+00 5.51396e-02
001 -2.26107e+00 5.50694e-02
001 -2.29795e+00 5.56965e-02
001 -2.28611e+00 5.54470e-02
001 -2.35672e+00 5.63713e-02
001 -2.35416e+00 5.62337e-02
001 -2.30586e+00 5.58465e-02
001 -2.27181e+00 5.53062e-02
001 -2.37220e+00 5.66608e-02
001 -2.30785e+00 5.57318e-02
001 -2.29262e+00 5.55642e-02
001 -2.34926e+00 5.63135e-02
001 -2.31274e+00 5.57543e-02
001 -2.31920e+00 5.57972e-02
001 -2.32172e+00 5.60480e-02
001 -2.30178e+00 5.57525e-02
001 -2.31606e+00 5.57878e-02
001 -2.29812e+00 5.55394e-02
001 -2.34350e+00 5.61726e-02
001 -2.32973e+00 5.59704e-02
001 -2.31925e+00 5.59990e-02
001 -2.30506e+00 5.57690e-02
001 -2.34774e+00 5.61177e-02
001 -2.28310e+00 5.53267e-02
001 -2.34024e+00 5.63085e-02
001 -2.32159e+00 5.60647e-02
001 -2.32065e+00 5.57186e-02
001 -2.35135e+00 5.62452e-02
001 -2.34358e+00 5.60690e-02
001 -2.30103e+00 5.56188e-02
001 -2.31036e+00 5.55848e-02
001 -2.32845e+00 5.60364e-02
001 -2.31604e+00 5.58356e-02
001 -2.30943e+00 5.57846e-02
001 -2.22942e+00 5.46005e-02
001 -2.33779e+00 5.59868e-02
001 -2.30533e+00 5.56091e-02
001 -2.38960e+00 5.68275e-02
001 -2.32491e+00 5.58847e-02
001 -2.32416e+00 5.60763e-02
001 -2.32397e+00 5.59004e-02
001 -2.29657e+00 5.57495e-02
001 -2.31751e+00 5.57703e-02
001 -2.32417e+00 5.60711e-02
001 -2.25546e+00 5.48702e-02
001 -2.25987e+00 5.52549e-02
001 -2.38585e+00 5.68619e-02
001 -2.31817e+00 5.57116e-02
001 -2.29891e+00 5.57279e-02
001 -2.33706e+00 5.62374e-02
001 -2.27071e+00 5.52981e-02
001 -2.30924e+00 5.58182e-02
001 -2.27886e+00 5.55929e-02
001 -2.27765e+00 5.52912e-02
001 -2.33795e+00 5.60405e-02
001 -2.27236e+00 5.52015e-02
001 -2.29376e+00 5.55621e-02
001 -2.26354e+00 5.52934e-02
001 -2.27123e+00 5.51669e-02
001 -2.23621e+00 5.49720e-02
001 -2.30426e+00 5.58691e-02
001 -2.30686e+00 5.56062e-02
001 -2.20326e+00 5.43457e-02
001 -2.31924e+00 5.60078e-02
001 -2.20010e+00 5.43874e-02
001 -2.32618e+00 5.60496e-02
001 -2.36391e+00 5.63001e-02
001 -2.29305e+00 5.52790e-02
001 -2.36456e+00 5.65162e-02
001 -2.33027e+00 5.58952e-02
001 -2.26843e+00 5.54738e-02
001 -2.32967e+00 5.60002e-02
001 -2.27203e+00 5.52483e-02
001 -2.23454e+00 5.48745e-02
001 -2.22997e+00 5.45484e-02
001 -2.30866e+00 5.57504e-02
001 -2.39614e+00 5.68304e-02
001 -2.38944e+00 5.66681e-02
001 -2.33661e+00 5.61072e-02
001 -2.29848e+00 5.55510e-02
001 -2.38422e+00 5.67621e-02
001 -2.33923e+00 5.60964e-02
001 -2.31950e+00 5.58779e-02
001 -2.33004e+00 5.60913e-02
001 -2.25549e+00 5.50520e-02
001 -2.24907e+00 5.49229e-02
001 -2.29811e+00 5.54112e-02
001 -2.28911e+00 5.56200e-02
001 -2.23488e+00 5.48190e-02
001 -2.35355e+00 5.64317e-02
001 -2.26195e+00 5.49933e-02
001 -2.38934e+00 5.67586e-02
001 -2.36929e+00 5.66852e-02
001 -2.30602e+00 5.57215e-02
001 -2.28833e+00 5.53168e-02
001 -2.26399e+00 5.53382e-02
001 -2.33267e+00 5.60756e-02
001 -2.31800e+00 5.58371e-02
001 -2.37755e+00 5.66507e-02
001 -2.33636e+00 5.61957e-02
001 -2.26588e+00 5.52206e-02
001 -2.33282e+00 5.59505e-02
001 -2.33820e+00 5.61524e-02
001 -2.40676e+00 5.70918e-02
001 -2.26653e+00 5.52095e-02
001 -2.35018e+00 5.62364e-02
001 -2.32723e+00 5.59387e-02
001 -2.31178e+00 5.57899e-02
001 -2.21426e+00 5.45482e-02
001 -2.30976e+00 5.58959e-02
001 -2.28793e+00 5.54256e-02
001 -2.35202e+00 5.63589e-02
001 -2.31595e+00 5.58726e-02
001 -2.40917e+00 5.69422e-02
001 -2.36765e+00 5.66186e-02
001 -2.26666e+00 5.52243e-02
001 -2.26903e+00 5.51252e-02
001 -2.32633e+00 5.61801e-02
001 -2.28251e+00 5.51881e-02
001 -2.35223e+00 5.64347e-02
001 -2.32980e+00 5.60020e-02
001 -2.33514e+00 5.60500e-02
001 -2.31556e+00 5.59923e-02
001 -2.27998e+00 5.53238e-02
001 -2.29694e+00 5.55811e-02
001 -2.36623e+00 5.64240e-02
001 -2.28221e+00 5.54301e-02
001 -2.30295e+00 5.56495e-02
001 -2.33189e+00 5.60215e-02
001 -2.20419e+00 5.42952e-02
001 -2.30790e+00 5.58213e-02
001 -2.22750e+00 5.46666e-02
001 -2.35963e+00 5.64171e-02
001 -2.22777e+00 5.47685e-02
001 -2.26942e+00 5.53258e-02
001 -2.30455e+00 5.57771e-02
001 -2.21466e+00 5.44415e-02
001 -2.33899e+00 5.62719e-02
001 -2.32287e+00 5.60214e-02
001 -2.30834e+00 5.58128e-02
001 -2.30953e+00 5.58148e-02
001 -2.30479e+00 5.57079e-02
001 -2.26594e+00 5.51812e-02
001 -2.35067e+00 5.64012e-02
001 -2.21339e+00 5.46113e-02
001 -2.28681e+00 5.55409e-02
001 -2.29956e+00 5.56062e-02
001 -2.32513e+00 5.59359e-02
001 -2.28255e+00 5.53194e-02
001 -2.29914e+00 5.56327e-02
001 -2.30398e+00 5.57855e-02
001 -2.39942e+00 5.68652e-02
001 -2.29403e+00 5.57885e-02
001 -2.23880e+00 5.49587e-02
001 -2.34829e+00 5.61687e-02
001 -2.25158e+00 5.49255e-02
001 -2.25848e+00 5.52628e-02
001 -2.29572e+00 5.56518e-02
001 -2.32788e+00 5.60524e-02
001 -2.36326e+00 5.63005e-02
001 -2.31984e+00 5.59527e-02
001 -2.38734e+00 5.68100e-02
001 -2.30066e+00 5.55693e-02
001 -2.39022e+00 5.68560e-02
001 -2.35790e+00 5.63644e-02
001 -2.23300e+00 5.48135e-02
001 -2.35323e+00 5.64788e-02
001 -2.29148e+00 5.55596e-02
001 -2.32283e+00 5.58317e-02
001 -2.25910e+00 5.52656e-02
001 -2.26525e+00 5.52685e-02
001 -2.29718e+00 5.54593e-02
001 -2.29009e+00 5.57090e-02
001 -2.22487e+00 5.46478e-02
001 -2.28873e+00 5.56423e-02
001 -2.29194e+00 5.55823e-02
001 -2.30981e+00 5.59448e-02
001 -2.38883e+00 5.67239e-02
001 -2.23002e+00 5.46508e-02
001 -2.35665e+00 5.64516e-02
001 -2.33362e+00 5.62022e-02
001 -2.25157e+00 5.50614e-02
001 -2.28756e+00 5.54495e-02
001 -2.27708e+00 5.53814e-02
001 -2.28212e+00 5.53828e-02
001 -2.30943e+00 5.57281e-02
001 -2.31399e+00 5.56717e-02
001 -2.24509e+00 5.48366e-02
001 -2.34199e+00 5.61525e-02
001 -2.28522e+00 5.52517e-02
001 -2.38862e+00 5.67402e-02
001 -2.33302e+00 5.59220e-02
001 -2.31629e+00 5.58423e-02
001 -2.36420e+00 5.66478e-02
001 -2.23011e+00 5.48327e-02
001 -2.29643e+00 5.53446e-02
001 -2.27250e+00 5.53641e-02
001 -2.29354e+00 5.57460e-02
001 -2.24510e+00 5.48999e-02
001 -2.31373e+00 5.58300e-02
001 -2.26678e+00 5.51637e-02
001 -2.30124e+00 5.57532e-02
001 -2.27263e+00 5.52630e-02
001 -2.28712e+00 5.54372e-02
001 -2.25891e+00 5.51782e-02
001 -2.33575e+00 5.60395e-02
001 -2.34005e+00 5.61412e-02
001 -2.28933e+00 5.54504e-02
001 -2.33976e+00 5.61727e-02
001 -2.34261e+00 5.61418e-02
001 -2.25986e+00 5.50094e-02
001 -2.27672e+00 5.54881e-02
001 -2.27560e+00 5.53204e-02
001 -2.25516e+00 5.52066e-02
001 -2.35893e+00 5.64710e-02
001 -2.35043e+00 5.62489e-02
001 -2.25323e+00 5.51353e-02
001 -2.31876e+00 5.60412e-02
001 -2.37515e+00 5.67184e-02
001 -2.29039e+00 5.55628e-02
001 -2.33333e+00 5.61735e-02
001 -2.25201e+00 5.51031e-02
001 -2.37591e+00 5.65255e-02
001 -2.29898e+00 5.55327e-02
001 -2.29969e+00 5.55153e-02
001 -2.32753e+00 5.59655e-02
001 -2.33852e+00 5.61344e-02
001 -2.23149e+00 5.48096e-02
001 -2.32263e+00 5.58591e-02
001 -2.24354e+00 5.48186e-02
001 -2.38283e+00 5.64639e-02
001 -2.22709e+00 5.49155e-02
001 -2.27776e+00 5.52344e-02
001 -2.27143e+00 5.51687e-02
001 -2.25713e+00 5.52257e-02
001 -2.25236e+00 5.49950e-02
001 -2.22084e+00 5.48332e-02
001 -2.27844e+00 5.52833e-02
001 -2.36538e+00 5.61693e-02
001 -2.21515e+00 5.44290e-02
001 -2.25856e+00 5.52521e-02
001 -2.40600e+00 5.69457e-02
001 -2.28609e+00 5.55252e-02
001 -2.32055e+00 5.60938e-02
001 -2.21919e+00 5.45917e-02
001 -2.31802e+00 5.60665e-02
001 -2.26832e+00 5.50543e-02
001 -2.38443e+00 5.67664e-02
001 -2.29134e+00 5.52682e-02
001 -2.27960e+00 5.51826e-02
001 -2.37899e+00 5.67405e-02
001 -2.28765e+00 5.54908e-02
001 -2.27947e+00 5.53687e-02
001 -2.27918e+00 5.52633e-02
001 -2.30989e+00 5.58071e-02
001 -2.23845e+00 5.46221e-02
001 -2.31283e+00 5.59010e-02
001 -2.25027e+00 5.50905e-02
001 -2.31644e+00 5.58432e-02
001 -2.31773e+00 5.58683e-02
001 -2.32114e+00 5.58734e-02
001 -2.26681e+00 5.52409e-02
001 -2.29557e+00 5.54834e-02
001 -2.25718e+00 5.51420e-02
001 -2.30462e+00 5.57969e-02
001 -2.36560e+00 5.65306e-02
001 -2.25900e+00 5.50712e-02
001 -2.27572e+00 5.55289e-02
001 -2.30327e+00 5.57073e-02
001 -2.26482e+00 5.51638e-02
001 -2.36415e+00 5.63934e-02
001 -2.26986e+00 5.52060e-02
001 -2.39337e+00 5.68494e-02
001 -2.32073e+00 5.59644e-02
001 -2.31050e+00 5.56334e-02
001 -2.29413e+00 5.55676e-02
001 -2.36804e+00 5.65369e-02
001 -2.28942e+00 5.57009e-02
001 -2.31949e+00 5.58895e-02
001 -2.26478e+00 5.53046e-02
001 -2.24385e+00 5.49476e-02
001 -2.30206e+00 5.56793e-02
001 -2.30646e+00 5.57941e-02
001 -2.22990e+00 5.46543e-02
001 -2.33859e+00 5.61904e-02
001 -2.27936e+00 5.53927e-02
001 -2.30024e+00 5.55630e-02
001 -2.31334e+00 5.58011e-02
001 -2.36849e+00 5.64944e-02
001 -2.31023e+00 5.58159e-02
001 -2.37923e+00 5.65491e-02
001 -2.31032e+00 5.57774e-02
001 -2.26506e+00 5.52021e-02
001 -2.40679e+00 5.71075e-02
001 -2.29875e+00 5.56657e-02
001 -2.36381e+00 5.65208e-02
001 -2.36849e+00 5.65601e-02
001 -2.24778e+00 5.50459e-02
001 -2.36378e+00 5.63717e-02
001 -2.33113e+00 5.60968e-02
001 -2.29903e+00 5.55904e-02
001 -2.27419e+00 5.54118e-02
001 -2.39960e+00 5.69460e-02
001 -2.29153e+00 5.55036e-02
001 -2.33883e+00 5.63563e-02
001 -2.34975e+00 5.64140e-02
001 -2.21449e+00 5.45207e-02
001 -2.27987e+00 5.52177e-02
001 -2.36658e+00 5.63277e-02
001 -2.31977e+00 5.58576e-02
001 -2.36053e+00 5.63353e-02
001 -2.31477e+00 5.57768e-02
001 -2.28963e+00 5.55221e-02
001 -2.30385e+00 5.58184e-02
001 -2.29445e+00 5.55633e-02
001 -2.21311e+00 5.43193e-02
001 -2.32730e+00 5.60069e-02
001 -2.35767e+00 5.63534e-02
001 -2.29697e+00 5.55740e-02
001 -2.33422e+00 5.59621e-02
001 -2.27122e+00 5.53391e-02
001 -2.29623e+00 5.56381e-02
001 -2.30579e+00 5.57306e-02
001 -2.34712e+00 5.61545e-02
001 -2.34177e+00 5.63600e-02
001 -2.36727e+00 5.65313e-02
001 -2.29201e+00 5.54944e-02
001 -2.28131e+00 5.54827e-02
001 -2.31782e+00 5.58216e-02
001 -2.34888e+00 5.63357e-02
001 -2.25737e+00 5.49553e-02
001 -2.29106e+00 5.57104e-02
001 -2.29366e+00 5.54835e-02
001 -2.23588e+00 5.49884e-02
001 -2.32138e+00 5.60002e-02
001 -2.32449e+00 5.60470e-02
001 -2.30208e+00 5.56013e-02
001 -2.22285e+00 5.48538e-02
001 -2.34189e+00 5.61513e-02
001 -2.28701e+00 5.56060e-02
001 -2.34270e+00 5.61869e-02
001 -2.25993e+00 5.51639e-02
001 -2.35889e+00 5.65841e-02
001 -2.32293e+00 5.59148e-02
001 -2.26669e+00 5.50431e-02
001 -2.36947e+00 5.65747e-02
001 -2.29977e+00 5.54541e-02
001 -2.37655e+00 5.66103e-02
001 -2.31976e+00 5.58602e-02
001 -2.34499e+00 5.61657e-02
001 -2.36887e+00 5.65459e-02
001 -2.38147e+00 5.65350e-02
001 -2.22997e+00 5.46394e-02
001 -2.27717e+00 5.54221e-02
001 -2.33456e+00 5.61658e-02
001 -2.38127e+00 5.67463e-02
001 -2.32490e+00 5.60196e-02
001 -2.26089e+00 5.50668e-02
001 -2.35187e+00 5.64116e-02
001 -2.31731e+00 5.58328e-02
001 -2.31258e+00 5.59226e-02
001 -2.33682e+00 5.60579e-02
001 -2.23437e+00 5.47043e-02
001 -2.30536e+00 5.58314e-02
001 -2.34951e+00 5.63432e-02
001 -2.21709e+00 5.47598e-02
001 -2.30787e+00 5.57641e-02
001 -2.30454e+00 5.58912e-02
001 -2.26303e+00 5.52465e-02
001 -2.30781e+00 5.57153e-02
001 -2.26600e+00 5.50716e-02
001 -2.29836e+00 5.55457e-02
001 -2.36385e+00 5.66248e-02
001 -2.29288e+00 5.55458e-02
001 -2.28062e+00 5.54240e-02
001 -2.25921e+00 5.50047e-02
001 -2.34614e+00 5.61565e-02
001 -2.31739e+00 5.58869e-02
001 -2.27588e+00 5.51368e-02
001 -2.30407e+00 5.56655e-02
001 -2.29224e+00 5.54046e-02
001 -2.27555e+00 5.53685e-02
001 -2.37647e+00 5.65675e-02
001 -2.20017e+00 5.44535e-02
001 -2.29323e+00 5.55486e-02
001 -2.28770e+00 5.53388e-02
001 -2.26187e+00 5.52831e-02
001 -2.27627e+00 5.54397e-02
001 -2.29881e+00 5.57411e-02
001 -2.33525e+00 5.60783e-02
001 -2.37725e+00 5.66662e-02
001 -2.37871e+00 5.67310e-02
001 -2.25786e+00 5.51989e-02
001 -2.32454e+00 5.58414e-02
001 -2.29654e+00 5.55537e-02
001 -2.30086e+00 5.55344e-02
001 -2.28344e+00 5.54720e-02
001 -2.32036e+00 5.59462e-02
001 -2.34847e+00 5.62347e-02
001 -2.36052e+00 5.65039e-02
001 -2.31385e+00 5.56834e-02
001 -2.32831e+00 5.60302e-02
001 -2.31088e+00 5.58161e-02
001 -2.30532e+00 5.57526e-02
001 -2.31669e+00 5.59711e-02
001 -2.35579e+00 5.65835e-02
001 -2.29350e+00 5.55408e-02
001 -2.34874e+00 5.64359e-02
001 -2.33851e+00 5.60183e-02
001 -2.35910e+00 5.62452e-02
001 -2.31759e+00 5.58117e-02
001 -2.29803e+00 5.58073e-02
001 -2.30640e+00 5.57160e-02
001 -2.30260e+00 5.56552e-02
001 -2.25989e+00 5.51098e-02
001 -2.31496e+00 5.58220e-02
001 -2.43686e+00 5.74475e-02
001 -2.27533e+00 5.53662e-02
001 -2.38711e+00 5.68153e-02
001 -2.32270e+00 5.60180e-02
001 -2.25378e+00 5.51450e-02
001 -2.25794e+00 5.51114e-02
001 -2.36807e+00 5.65643e-02
001 -2.34488e+00 5.62430e-02
001 -2.28338e+00 5.51343e-02
001 -2.25792e+00 5.51231e-02
001 -2.34257e+00 5.62724e-02
001 -2.29077e+00 5.54791e-02
001 -2.26649e+00 5.52899e-02
001 -2.25947e+00 5.51651e-02
001 -2.34855e+00 5.62057e-02
001 -2.27570e+00 5.53766e-02
001 -2.36531e+00 5.65182e-02
001 -2.34103e+00 5.62678e-02
001 -2.30854e+00 5.58640e-02
001 -2.26241e+00 5.52804e-02
001 -2.34002e+00 5.60568e-02
001 -2.37222e+00 5.66938e-02
001 -2.33120e+00 5.61275e-02
001 -2.34069e+00 5.61112e-02
001 -2.29533e+00 5.55999e-02
001 -2.33567e+00 5.60320e-02
001 -2.22617e+00 5.48019e-02
001 -2.26324e+00 5.51165e-02
001 -2.26445e+00 5.53401e-02
001 -2.22740e+00 5.47731e-02
001 -2.33924e+00 5.60983e-02
001 -2.32344e+00 5.60322e-02
001 -2.31016e+00 5.57924e-02
001 -2.27928e+00 5.54504e-02
001 -2.25830e+00 5.50355e-02
001 -2.30276e+00 5.55529e-02
001 -2.32649e+00 5.57599e-02
001 -2.28596e+00 5.54789e-02
001 -2.26084e+00 5.51408e-02
001 -2.27804e+00 5.54540e-02
001 -2.31823e+00 5.59445e-02
001 -2.34234e+00 5.61062e-02
001 -2.22885e+00 5.47871e-02
001 -2.23968e+00 5.49234e-02
001 -2.32339e+00 5.58212e-02
001 -2.29859e+00 5.55805e-02
001 -2.32046e+00 5.59107e-02
001 -2.33103e+00 5.60384e-02
001 -2.32772e+00 5.58451e-02
001 -2.32301e+00 5.59205e-02
001 -2.33896e+00 5.63178e-02
001 -2.26831e+00 5.51320e-02
001 -2.26201e+00 5.51159e-02
001 -2.29645e+00 5.55152e-02
001 -2.27356e+00 5.53770e-02
001 -2.26437e+00 5.52027e-02
001 -2.23342e+00 5.47739e-02
001 -2.32184e+00 5.58710e-02
001 -2.34797e+00 5.62518e-02
001 -2.31269e+00 5.59750e-02
001 -2.38215e+00 5.68008e-02
001 -2.24544e+00 5.49629e-02
001 -2.30170e+00 5.56094e-02
001 -2.33997e+00 5.60665e-02
001 -2.29636e+00 5.55975e-02
001 -2.26256e+00 5.50790e-02
001 -2.20900e+00 5.44042e-02
001 -2.31381e+00 5.58118e-02
001 -2.32830e+00 5.60095e-02
001 -2.25311e+00 5.50794e-02
001 -2.33603e+00 5.61429e-02
001 -2.33336e+00 5.61065e-02
001 -2.31226e+00 5.58627e-02
001 -2.38199e+00 5.68227e-02
001 -2.30155e+00 5.56755e-02
001 -2.27785e+00 5.52168e-02
001 -2.33787e+00 5.62289e-02
001 -2.26606e+00 5.52383e-02
001 -2.31958e+00 5.58145e-02
001 -2.36434e+00 5.64132e-02
001 -2.29617e+00 5.55116e-02
001 -2.32160e+00 5.59451e-02
001 -2.28262e+00 5.55104e-02
001 -2.32072e+00 5.58854e-02
001 -2.30630e+00 5.57985e-02
001 -2.24032e+00 5.48970e-02
001 -2.29979e+00 5.56584e-02
001 -2.35757e+00 5.63502e-02
001 -2.34031e+00 5.62975e-02
001 -2.26241e+00 5.50342e-02
001 -2.31232e+00 5.57950e-02
001 -2.28194e+00 5.54465e-02
001 -2.32132e+00 5.60527e-02
001 -2.25978e+00 5.50705e-02
001 -2.28835e+00 5.55060e-02
001 -2.31155e+00 5.58143e-02
001 -2.31809e+00 5.59819e-02
001 -2.38301e+00 5.65441e-02
001 -2.25558e+00 5.52097e-02
001 -2.27964e+00 5.53574e-02
001 -2.35904e+00 5.61592e-02
001 -2.26020e+00 5.50499e-02
001 -2.31434e+00 5.58241e-02
001 -2.28916e+00 5.54800e-02
001 -2.22194e+00 5.46517e-02
001 -2.29638e+00 5.55647e-02
001 -2.28363e+00 5.53987e-02
001 -2.28585e+00 5.53299e-02
001 -2.35196e+00 5.64262e-02
001 -2.28344e+00 5.55607e-02
001 -2.26111e+00 5.50818e-02
001 -2.33266e+00 5.60312e-02
001 -2.32286e+00 5.58601e-02
001 -2.31897e+00 5.56798e-02
001 -2.28924e+00 5.54124e-02
001 -2.24370e+00 5.49726e-02
001 -2.25920e+00 5.49552e-02
001 -2.29302e+00 5.53044e-02
001 -2.21249e+00 5.47183e-02
001 -2.26688e+00 5.52537e-02
001 -2.28063e+00 5.53863e-02
001 -2.28809e+00 5.55731e-02
001 -2.31287e+00 5.58388e-02
001 -2.27662e+00 5.53043e-02
001 -2.27532e+00 5.53309e-02
001 -2.27674e+00 5.53660e-02
001 -2.26466e+00 5.52589e-02
001 -2.39840e+00 5.70040e-02
001 -2.35163e+00 5.62444e-02
001 -2.31678e+00 5.57738e-02
001 -2.31952e+00 5.59290e-02
001 -2.31318e+00 5.56614e-02
001 -2.41999e+00 5.72356e-02
001 -2.38141e+00 5.67680e-02
001 -2.24024e+00 5.48262e-02
001 -2.31242e+00 5.59694e-02
001 -2.25146e+00 5.48764e-02
001 -2.26989e+00 5.52631e-02
001 -2.32710e+00 5.61230e-02
001 -2.33159e+00 5.61202e-02
001 -2.35528e+00 5.62124e-02
001 -2.28763e+00 5.55490e-02
001 -2.34405e+00 5.62410e-02
001 -2.27199e+00 5.53601e-02
001 -2.27820e+00 5.53768e-02
001 -2.28049e+00 5.54517e-02
001 -2.25479e+00 5.48749e-02
001 -2.26310e+00 5.49943e-02
001 -2.28618e+00 5.54542e-02
001 -2.34360e+00 5.61617e-02
001 -2.29061e+00 5.55874e-02
001 -2.32814e+00 5.61447e-02
001 -2.32007e+00 5.58855e-02
001 -2.25845e+00 5.51540e-02
001 -2.33095e+00 5.60733e-02
001 -2.30028e+00 5.58355e-02
001 -2.33789e+00 5.61384e-02
001 -2.28293e+00 5.53890e-02
001 -2.27581e+00 5.53010e-02
001 -2.29016e+00 5.56072e-02
001 -2.29994e+00 5.55542e-02
001 -2.27413e+00 5.54492e-02
001 -2.28080e+00 5.52726e-02
001 -2.43739e+00 5.74615e-02
001 -2.29063e+00 5.52476e-02
001 -2.24989e+00 5.49101e-02
001 -2.37644e+00 5.67692e-02
001 -2.39562e+00 5.67550e-02
001 -2.31347e+00 5.58302e-02
001 -2.27867e+00 5.54834e-02
001 -2.40324e+00 5.71943e-02
001 -2.37598e+00 5.66930e-02
001 -2.36123e+00 5.63939e-02
020 -4.51878e+01 2.21187e-01
020 -4.50517e+01 2.23022e-01
020 -4.53648e+01 2.24517e-01
020 -4.51928e+01 2.18938e-01
020 -4.53524e+01 2.17883e-01
020 -4.52552e+01 2.22393e-01
020 -4.49165e+01 2.17532e-01
020 -4.48666e+01 2.19196e-01
020 -4.50202e+01 2.14343e-01
020 -4.51003e+01 2.11491e-01
020 -4.52434e+01 2.25110e-01
020 -4.49479e+01 2.22856e-01
020 -4.54990e+01 2.24237e-01
020 -4.53250e+01 2.23847e-01
020 -4.45533e+01 2.14843e-01
020 -4.50576e+01 2.13324e-01
020 -4.50964e+01 2.21538e-01
020 -4.51713e+01 2.16662e-01
020 -4.46729e+01 2.14866e-01
020 -4.51689e+01 2.25073e-01
020 -4.51793e+01 2.25577e-01
020 -4.54747e+01 2.18246e-01
020 -4.50090e+01 2.24053e-01
020 -4.50483e+01 2.20426e-01
020 -4.50772e+01 2.13930e-01
020 -4.50798e+01 2.21482e-01
020 -4.50040e+01 2.20916e-01
020 -4.54342e+01 2.18331e-01
020 -4.51703e+01 2.20916e-01
020 -4.50869e+01 2.17794e-01
020 -4.50151e+01 2.14753e-01
020 -4.51319e+01 2.17823e-01
020 -4.48080e+01 2.22610e-01
020 -4.51157e+01 2.11472e-01
020 -4.51688e+01 2.19924e-01
020 -4.49240e+01 2.18494e-01
020 -4.49890e+01 2.23602e-01
020 -4.53929e+01 2.07952e-01
020 -4.49039e+01 2.11374e-01
020 -4.50261e+01 2.17625e-01
020 -4.52548e+01 2.18489e-01
020 -4.48883e+01 2.11532e-01
020 -4.52271e+01 2.19450e-01
020 -4.48842e+01 2.19142e-01
020 -4.51805e+01 2.18025e-01
020 -4.52457e+01 2.18041e-01
020 -4.54219e+01 2.21734e-01
020 -4.49468e+01 2.12698e-01
020 -4.54308e+01 2.23372e-01
020 -4.52698e+01 2.09527e-01
020 -4.49802e+01 2.20776e-01
020 -4.50352e+01 2.22766e-01
020 -4.51824e+01 2.25777e-01
020 -4.52248e+01 2.28070e-01
020 -4.53635e+01 2.25362e-01
020 -4.48386e+01 2.18505e-01
020 -4.51993e+01 2.17697e-01
020 -4.52602e+01 2.22547e-01
020 -4.52044e+01 2.24564e-01
020 -4.52364e+01 2.16798e-01
020 -4.48258e+01 2.17831e-01
020 -4.50566e+01 2.12624e-01
020 -4.51431e+01 2.21152e-01
020 -4.52454e+01 2.24627e-01
020 -4.49204e+01 2.20381e-01
020 -4.54163e+01 2.15070e-01
020 -4.45928e+01 2.19431e-01
020 -4.51427e+01 2.22063e-01
020 -4.52606e+01 2.21023e-01
020 -4.49358e+01 2.19638e-01
020 -4.48011e+01 2.18377e-01
020 -4.53625e+01 2.15907e-01
020 -4.49065e+01 2.07944e-01
020 -4.52561e+01 2.24457e-01
020 -4.49412e+01 2.19009e-01
020 -4.51487e+01 2.23946e-01
020 -4.50256e+01 2.08113e-01
020 -4.51360e+01 2.21817e-01
020 -4.48523e+01 2.13882e-01
020 -4.54884e+01 2.19290e-01
020 -4.51482e+01 2.17884e-01
020 -4.46215e+01 2.22011e-01
020 -4.49124e+01 2.22403e-01
020 -4.48913e+01 2.15689e-01
020 -4.50348e+01 2.16424e-01
020 -4.52815e+01 2.25150e-01
020 -4.48398e+01 2.19861e-01
020 -4.48741e+01 2.19069e-01
020 -4.52533e+01 2.19224e-01
020 -4.50393e+01 2.18767e-01
020 -4.54010e+01 2.19697e-01
020 -4.48520e+01 2.19520e-01
020 -4.48419e+01 2.19962e-01
020 -4.52516e+01 2.21159e-01
020 -4.48459e+01 2.23095e-01
020 -4.50432e+01 2.16184e-01
020 -4.50656e+01 2.17958e-01
020 -4.47342e+01 2.25374e-01
020 -4.55055e+01 2.19098e-01
020 -4.55248e+01 2.20904e-01
020 -4.49612e+01 2.18064e-01
020 -4.51882e+01 2.17723e-01
020 -4.49918e+01 2.14909e-01
020 -4.48296e+01 2.20025e-01
020 -4.50971e+01 2.26803e-01
020 -4.49498e+01 2.19290e-01
020 -4.50194e+01 2.19843e-01
020 -4.47831e+01 2.16485e-01
020 -4.49719e+01 2.19373e-01
020 -4.49148e+01 2.16401e-01
020 -4.54241e+01 2.19273e-01
020 -4.53935e+01 2.19921e-01
020 -4.53287e+01 2.20138e-01
020 -4.48499e+01 2.21753e-01
020 -4.48424e+01 2.21852e-01
020 -4.49306e+01 2.24827e-01
020 -4.53528e+01 2.21735e-01
020 -4.53845e+01 2.23391e-01
020 -4.49234e+01 2.22890e-01
020 -4.47027e+01 2.17676e-01
020 -4.51225e+01 2.28594e-01
020 -4.53864e+01 2.20243e-01
020 -4.52406e+01 2.17611e-01
020 -4.52193e+01 2.18033e-01
020 -4.50463e+01 2.20126e-01
020 -4.53258e+01 2.14386e-01
020 -4.49570e+01 2.18992e-01
020 -4.54053e+01 2.21859e-01
020 -4.49910e+01 2.22411e-01
020 -4.52898e+01 2.18227e-01
020 -4.47068e+01 2.18326e-01
020 -4.52135e+01 2.24034e-01
020 -4.50980e+01 2.21459e-01
020 -4.48978e+01 2.22234e-01
020 -4.55818e+01 2.22999e-01
020 -4.48865e+01 2.18851e-01
020 -4.48768e+01 2.18572e-01
020 -4.50425e+01 2.14647e-01
020 -4.48450e+01 2.22506e-01
020 -4.50913e+01 2.21350e-01
020 -4.49257e+01 2.22452e-01
020 -4.50082e+01 2.19311e-01
020 -4.50864e+01 2.14818e-01
020 -4.51091e+01 2.18936e-01
020 -4.53618e+01 2.10887e-01
020 -4.49456e+01 2.15486e-01
020 -4.47777e+01 2.22587e-01
020 -4.49939e+01 2.20501e-01
020 -4.51315e+01 2.17053e-01
020 -4.50888e+01 2.09079e-01
020 -4.57452e+01 2.24306e-01
020 -4.50140e+01 2.19393e-01
020 -4.50744e+01 2.13862e-01
020 -4.51858e+01 2.23902e-01
020 -4.48324e+01 2.19416e-01
020 -4.48465e+01 2.27469e-01
020 -4.45294e+01 2.11466e-01
020 -4.50772e+01 2.16685e-01
020 -4.49139e+01 2.10818e-01
020 -4.52821e+01 2.17454e-01
020 -4.55030e+01 2.24373e-01
020 -4.51664e+01 2.21117e-01
020 -4.52395e+01 2.18244e-01
020 -4.45060e+01 2.27210e-01
020 -4.56116e+01 2.22017e-01
020 -4.54310e+01 2.21053e-01
020 -4.48923e+01 2.17689e-01
020 -4.48270e+01 2.22105e-01
020 -4.53910e+01 2.15667e-01
020 -4.51596e+01 2.15869e-01
020 -4.54512e+01 2.16480e-01
020 -4.49157e+01 2.17925e-01
020 -4.49490e+01 2.19949e-01
020 -4.53349e+01 2.17652e-01
020 -4.50379e+01 2.23484e-01
020 -4.54021e+01 2.23681e-01
020 -4.53799e+01 2.19621e-01
020 -4.48601e+01 2.14002e-01
020 -4.51369e+01 2.24562e-01
020 -4.50806e+01 2.21220e-01
020 -4.48024e+01 2.12360e-01
020 -4.50057e+01 2.12659e-01
020 -4.50953e+01 2.18168e-01
020 -4.50687e+01 2.25020e-01
020 -4.52559e+01 2.21016e-01
020 -4.53580e+01 2.21195e-01
020 -4.52405e+01 2.13816e-01
020 -4.48799e+01 2.17646e-01
020 -4.51142e+01 2.15708e-01
020 -4.52663e+01 2.14536e-01
020 -4.49262e+01 2.14288e-01
020 -4.50904e+01 2.20620e-01
020 -4.47189e+01 2.16465e-01
020 -4.52579e+01 2.17301e-01
020 -4.52305e+01 2.23864e-01
020 -4.55868e+01 2.24703e-01
020 -4.50081e+01 2.18294e-01
020 -4.52543e+01 2.14265e-01
020 -4.49382e+01 2.17171e-01
020 -4.54924e+01 2.22822e-01
020 -4.52480e+01 2.21607e-01
020 -4.46403e+01 2.12329e-01
020 -4.49118e+01 2.18787e-01
020 -4.50784e+01 2.19936e-01
020 -4.49830e+01 2.20690e-01
020 -4.53990e+01 2.23511e-01
020 -4.49806e+01 2.21325e-01
020 -4.48884e+01 2.23920e-01
020 -4.53268e+01 2.20943e-01
020 -4.52097e+01 2.21681e-01
020 -4.48803e+01 2.18911e-01
020 -4.50329e+01 2.13931e-01
020 -4.50343e+01 2.20620e-01
020 -4.48823e+01 2.13349e-01
020 -4.50679e+01 2.16661e-01
020 -4.48672e+01 2.24625e-01
020 -4.51042e+01 2.23336e-01
020 -4.53684e+01 2.22004e-01
020 -4.51262e+01 2.18002e-01
020 -4.52210e+01 2.21996e-01
020 -4.47632e+01 2.23120e-01
020 -4.50427e+01 2.15120e-01
020 -4.49998e+01 2.23342e-01
020 -4.49871e+01 2.10811e-01
020 -4.54293e+01 2.16310e-01
020 -4.52718e+01 2.18444e-01
020 -4.50342e+01 2.05880e-01
020 -4.53472e+01 2.24338e-01
020 -4.53033e+01 2.21128e-01
020 -4.51347e+01 2.14219e-01
020 -4.48483e+01 2.15991e-01
020 -4.50774e+01 2.21648e-01
020 -4.52854e+01 2.21979e-01
020 -4.53048e+01 2.19041e-01
020 -4.51489e+01 2.19064e-01
020 -4.52270e+01 2.21398e-01
020 -4.51479e+01 2.17839e-01
020 -4.48237e+01 2.11647e-01
020 -4.52742e+01 2.17101e-01
020 -4.53810e+01 2.23482e-01
020 -4.50044e+01 2.17466e-01
020 -4.51759e+01 2.15083e-01
020 -4.52828e+01 2.16406e-01
020 -4.49542e+01 2.24570e-01
020 -4.49765e+01 2.17109e-01
020 -4.50753e+01 2.27422e-01
020 -4.50273e+01 2.23917e-01
020 -4.52039e+01 2.22116e-01
020 -4.52252e+01 2.22439e-01
020 -4.51640e+01 2.18662e-01
020 -4.50351e+01 2.13981e-01
020 -4.48972e+01 2.19171e-01
020 -4.50341e+01 2.21032e-01
020 -4.51422e+01 2.22289e-01
020 -4.51302e+01 2.18486e-01
020 -4.48928e+01 2.20203e-01
020 -4.51001e+01 2.18291e-01
020 -4.53230e+01 2.16708e-01
020 -4.49056e+01 2.17091e-01
020 -4.50173e+01 2.14619e-01
020 -4.53311e+01 2.15332e-01
020 -4.48579e+01 2.19391e-01
020 -4.51949e+01 2.19919e-01
020 -4.50717e+01 2.08431e-01
020 -4.49744e+01 2.15651e-01
020 -4.49468e+01 2.18355e-01
020 -4.53339e+01 2.18943e-01
020 -4.49443e+01 2.18791e-01
020 -4.49644e+01 2.19898e-01
020 -4.52813e+01 2.25505e-01
020 -4.52425e+01 2.18172e-01
020 -4.53096e+01 2.14281e-01
020 -4.54282e+01 2.21303e-01
020 -4.48452e+01 2.18068e-01
020 -4.50145e+01 2.14252e-01
020 -4.53170e+01 2.25871e-01
020 -4.50948e+01 2.22076e-01
020 -4.48616e+01 2.23757e-01
020 -4.55704e+01 2.20035e-01
020 -4.53462e+01 2.18547e-01
020 -4.50302e+01 2.21970e-01
020 -4.49592e+01 2.19127e-01
020 -4.50219e+01 2.23711e-01
020 -4.48518e+01 2.25397e-01
020 -4.50379e+01 2.14642e-01
020 -4.57781e+01 2.21972e-01
020 -4.49632e+01 2.14825e-01
020 -4.52910e+01 2.20501e-01
020 -4.49243e+01 2.22337e-01
020 -4.53260e+01 2.22158e-01
020 -4.50278e+01 2.18681e-01
020 -4.54201e+01 2.19875e-01
020 -4.49296e+01 2.21297e-01
020 -4.50584e+01 2.24105e-01
020 -4.51314e+01 2.10185e-01
020 -4.52011e+01 2.17795e-01
020 -4.53323e+01 2.22258e-01
020 -4.48880e+01 2.12573e-01
020 -4.54447e+01 2.16536e-01
020 -4.52254e+01 2.21299e-01
020 -4.52929e+01 2.22776e-01
020 -4.47395e+01 2.16515e-01
020 -4.48986e+01 2.15663e-01
020 -4.48590e+01 2.20400e-01
020 -4.56037e+01 2.19345e-01
020 -4.47477e+01 2.23370e-01
020 -4.54406e+01 2.21736e-01
020 -4.51201e+01 2.19311e-01
020 -4.48674e+01 2.21433e-01
100 -1.41238e+02 3.50140e-01
100 -1.39228e+02 3.54935e-01
100 -1.39095e+02 3.55084e-01
100 -1.39854e+02 3.56843e-01
100 -1.39262e+02 3.66635e-01
100 -1.39622e+02 3.67554e-01
100 -1.36360e+02 3.52757e-01
100 -1.37916e+02 3.52881e-01
100 -1.39514e+02 3.60283e-01
100 -1.39685e+02 3.59323e-01
100 -1.39789e+02 3.60343e-01
100 -1.42741e+02 3.60052e-01
100 -1.38333e+02 3.61426e-01
100 -1.40136e+02 3.61241e-01
100 -1.39908e+02 3.55905e-01
100 -1.38841e+02 3.61388e-01
100 -1.38380e+02 3.55491e-01
100 -1.39669e+02 3.70681e-01
100 -1.40534e+02 3.69309e-01
100 -1.41048e+02 3.86304e-01
100 -1.39657e+02 3.60658e-01
100 -1.37708e+02 3.50649e-01
100 -1.38825e+02 3.54405e-01
100 -1.39486e+02 3.58247e-01
100 -1.40099e+02 3.61011e-01
100 -1.42081e+02 3.47500e-01
100 -1.39507e+02 3.61859e-01
100 -1.40936e+02 3.79015e-01
100 -1.39684e+02 3.54582e-01
100 -1.36570e+02 3.51370e-01
100 -1.38884e+02 3.56128e-01
100 -1.40918e+02 3.63295e-01
100 -1.39321e+02 3.57687e-01
100 -1.39444e+02 3.54596e-01
100 -1.40816e+02 3.60055e-01
100 -1.40391e+02 3.67222e-01
100 -1.40476e+02 3.62324e-01
100 -1.41507e+02 3.55687e-01
100 -1.39094e+02 3.49287e-01
100 -1.40698e+02 3.51350e-01
100 -1.40268e+02 3.72996e-01
100 -1.38271e+02 3.67481e-01
100 -1.42188e+02 3.63030e-01
100 -1.39867e+02 3.65451e-01
100 -1.39148e+02 3.72754e-01
100 -1.39605e+02 3.52216e-01
100 -1.40383e+02 3.60903e-01
100 -1.37517e+02 3.47282e-01
100 -1.41672e+02 3.66973e-01
100 -1.39902e+02 3.63309e-01
100 -1.38090e+02 3.74265e-01
100 -1.41988e+02 3.61946e-01
100 -1.39390e+02 3.75222e-01
100 -1.41343e+02 3.64215e-01
100 -1.40139e+02 3.80752e-01
100 -1.40193e+02 3.60192e-01
100 -1.38330e+02 3.56197e-01
100 -1.38711e+02 3.67393e-01
100 -1.38219e+02 3.59397e-01
100 -1.38017e+02 3.71385e-01
100 -1.38797e+02 3.56352e-01
100 -1.39388e+02 3.60344e-01
100 -1.38896e+02 3.64131e-01
100 -1.38082e+02 3.54219e-01
100 -1.38728e+02 3.70821e-01
100 -1.42660e+02 3.72059e-01
100 -1.39982e+02 3.56879e-01
100 -1.38727e+02 3.51594e-01
100 -1.40379e+02 3.53425e-01
100 -1.37934e+02 3.55012e-01
100 -1.39367e+02 3.67373e-01
100 -1.38566e+02 3.47303e-01
100 -1.41033e+02 3.59277e-01
100 -1.41818e+02 3.56211e-01
100 -1.40771e+02 3.55129e-01
100 -1.39981e+02 3.66508e-01
100 -1.39564e+02 3.57222e-01
100 -1.39077e+02 3.59345e-01
100 -1.42132e+02 3.68348e-01
100 -1.37389e+02 3.47734e-01
100 -1.38769e+02 3.49581e-01
100 -1.38321e+02 3.50049e-01
100 -1.40854e+02 3.63778e-01
100 -1.37984e+02 3.52467e-01
100 -1.39678e+02 3.68758e-01
100 -1.40645e+02 3.60301e-01
100 -1.41241e+02 3.56128e-01
100 -1.38663e+02 3.54481e-01
100 -1.35008e+02 3.60107e-01
100 -1.40344e+02 3.70232e-01
100 -1.40041e+02 3.52741e-01
100 -1.39845e+02 3.67975e-01
100 -1.39425e+02 3.48887e-01
100 -1.39401e+02 3.59605e-01
100 -1.39920e+02 3.57009e-01
100 -1.41433e+02 3.63054e-01
100 -1.39170e+02 3.69624e-01
100 -1.38294e+02 3.64984e-01
100 -1.41537e+02 3.63252e-01
100 -1.41938e+02 3.58188e-01
100 -1.39978e+02 3.58802e-01
100 -1.39247e+02 3.66780e-01
100 -1.39921e+02 3.66088e-01
100 -1.40909e+02 3.72854e-01
100 -1.38757e+02 3.50755e-01
100 -1.40226e+02 3.58143e-01
100 -1.38757e+02 3.51436e-01
100 -1.38696e+02 3.49290e-01
100 -1.38041e+02 3.67547e-01
100 -1.41657e+02 3.69013e-01
100 -1.38635e+02 3.52101e-01
100 -1.38013e+02 3.49110e-01
100 -1.39430e+02 3.60084e-01
100 -1.37896e+02 3.70983e-01
100 -1.37895e+02 3.58116e-01
100 -1.39062e+02 3.53856e-01
100 -1.40265e+02 3.46393e-01
100 -1.38560e+02 3.44141e-01
100 -1.38986e+02 3.55608e-01
100 -1.39769e+02 3.57879e-01
100 -1.40928e+02 3.60546e-01
100 -1.40326e+02 3.63250e-01
100 -1.38805e+02 3.61420e-01
100 -1.38626e+02 3.62579e-01
100 -1.41812e+02 3.68325e-01
100 -1.37832e+02 3.66019e-01
100 -1.38104e+02 3.50453e-01
100 -1.39975e+02 3.53229e-01
100 -1.40669e+02 3.47527e-01
100 -1.40269e+02 3.56926e-01
100 -1.40343e+02 3.72517e-01
100 -1.41446e+02 3.77064e-01
100 -1.39662e+02 3.64377e-01
100 -1.41779e+02 3.51539e-01
100 -1.41389e+02 3.71459e-01
100 -1.41955e+02 3.62167e-01
100 -1.38667e+02 3.61400e-01
100 -1.40336e+02 3.59483e-01
100 -1.38916e+02 3.55829e-01
100 -1.38248e+02 3.47065e-01
100 -1.40795e+02 3.62006e-01
100 -1.39290e+02 3.63020e-01
100 -1.40666e+02 3.71040e-01
100 -1.41331e+02 3.55791e-01
100 -1.41740e+02 3.71845e-01
100 -1.40297e+02 3.62287e-01
100 -1.40511e+02 3.70607e-01
100 -1.39971e+02 3.71562e-01
100 -1.40295e+02 3.65168e-01
100 -1.39500e+02 3.58703e-01
100 -1.37721e+02 3.50429e-01
100 -1.38080e+02 3.55508e-01
100 -1.39874e+02 3.65291e-01
100 -1.40178e+02 3.56614e-01
100 -1.38187e+02 3.58291e-01
100 -1.38419e+02 3.61769e-01
100 -1.38186e+02 3.46281e-01
100 -1.38101e+02 3.58742e-01
100 -1.38335e+02 3.60653e-01
100 -1.41237e+02 3.58998e-01
100 -1.38196e+02 3.55974e-01
100 -1.39379e+02 3.68198e-01
100 -1.39692e+02 3.54402e-01
100 -1.40035e+02 3.53187e-01
100 -1.40085e+02 3.57815e-01
100 -1.38748e+02 3.56369e-01
100 -1.39230e+02 3.54551e-01
100 -1.39855e+02 3.67489e-01
100 -1.42013e+02 3.76270e-01
100 -1.40082e+02 3.63993e-01
100 -1.38195e+02 3.66323e-01
100 -1.38498e+02 3.66225e-01
100 -1.39073e+02 3.65421e-01
100 -1.38368e+02 3.55051e-01
100 -1.41271e+02 3.70375e-01
100 -1.37589e+02 3.54079e-01
100 -1.38675e+02 3.70367e-01
100 -1.40385e+02 3.60862e-01
100 -1.40150e+02 3.64628e-01
100 -1.39767e+02 3.59469e-01
100 -1.37413e+02 3.64327e-01
100 -1.39580e+02 3.52721e-01
100 -1.40949e+02 3.75183e-01
100 -1.40452e+02 3.49016e-01
100 -1.38702e+02 3.56035e-01
100 -1.35263e+02 3.55895e-01
100 -1.39586e+02 3.58602e-01
100 -1.41545e+02 3.51662e-01
100 -1.39857e+02 3.69537e-01
100 -1.41365e+02 3.56781e-01
100 -1.38463e+02 3.69140e-01
100 -1.39678e+02 3.64502e-01
100 -1.39119e+02 3.57075e-01
100 -1.38320e+02 3.48532e-01
100 -1.38389e+02 3.50874e-01
100 -1.38807e+02 3.49511e-01
100 -1.40760e+02 3.52976e-01
100 -1.38838e+02 3.62489e-01
100 -1.38296e+02 3.50289e-01
100 -1.37545e+02 3.58557e-01
100 -1.38734e+02 3.67147e-01
100 -1.39653e+02 3.61706e-01
100 -1.41515e+02 3.58592e-01
100 -1.39418e+02 3.54347e-01
100 -1.38806e+02 3.50593e-01
100 -1.40679e+02 3.61417e-01
100 -1.39024e+02 3.65557e-01
100 -1.39199e+02 3.59998e-01
100 -1.38898e+02 3.56828e-01
100 -1.38763e+02 3.61639e-01
100 -1.42399e+02 3.69781e-01
100 -1.38766e+02 3.58180e-01
100 -1.39746e+02 3.77242e-01
100 -1.39121e+02 3.66403e-01
100 -1.38627e+02 3.70476e-01
100 -1.41920e+02 3.70076e-01
100 -1.40346e+02 3.63057e-01
100 -1.39847e+02 3.67039e-01
100 -1.39561e+02 3.63317e-01
100 -1.38759e+02 3.71517e-01
100 -1.39687e+02 3.69049e-01
100 -1.39525e+02 3.66547e-01
100 -1.41766e+02 3.60347e-01
100 -1.41129e+02 3.58296e-01
100 -1.39365e+02 3.59725e-01
100 -1.38895e+02 3.64648e-01
100 -1.40575e+02 3.68342e-01
100 -1.39594e+02 3.58608e-01
100 -1.38184e+02 3.68953e-01
100 -1.39981e+02 3.57210e-01
100 -1.39901e+02 3.55767e-01
100 -1.41245e+02 3.45423e-01
100 -1.40323e+02 3.47400e-01
100 -1.42081e+02 3.61262e-01
100 -1.38352e+02 3.50685e-01
100 -1.41018e+02 3.64811e-01
100 -1.41608e+02 3.51294e-01
100 -1.38615e+02 3.75240e-01
100 -1.40021e+02 3.56294e-01
100 -1.37910e+02 3.66421e-01
100 -1.41354e+02 3.61720e-01
100 -1.39315e+02 3.55412e-01
100 -1.41785e+02 3.63968e-01
100 -1.40245e+02 3.65734e-01
100 -1.39874e+02 3.53421e-01
100 -1.40711e+02 3.66683e-01
100 -1.40171e+02 3.69535e-01
100 -1.39542e+02 3.61378e-01
100 -1.40233e+02 3.66117e-01
100 -1.38872e+02 3.69190e-01
100 -1.38948e+02 3.52195e-01
100 -1.39224e+02 3.56449e-01
100 -1.40802e+02 3.64521e-01
100 -1.40604e+02 3.62577e-01
100 -1.38508e+02 3.49755e-01
100 -1.38736e+02 3.81149e-01
100 -1.38816e+02 3.61692e-01
100 -1.40591e+02 3.69211e-01
100 -1.40323e+02 3.71600e-01
100 -1.39016e+02 3.57471e-01
100 -1.40606e+02 3.57514e-01
100 -1.38809e+02 3.58718e-01
100 -1.38978e+02 3.54272e-01
100 -1.40666e+02 3.72222e-01
100 -1.41499e+02 3.74416e-01
100 -1.40069e+02 3.70301e-01
100 -1.40692e+02 3.55524e-01
100 -1.39396e+02 3.72742e-01
100 -1.41415e+02 3.59492e-01
100 -1.38944e+02 3.62583e-01
100 -1.39324e+02 3.53214e-01
100 -1.38805e+02 3.52533e-01
100 -1.39719e+02 3.55033e-01
100 -1.40539e+02 3.49448e-01
100 -1.38791e+02 3.56269e-01
100 -1.40575e+02 3.66965e-01
100 -1.39497e+02 3.71325e-01
100 -1.42278e+02 3.70324e-01
100 -1.40512e+02 3.61521e-01
100 -1.40381e+02 3.69077e-01
100 -1.42045e+02 3.77050e-01
100 -1.37733e+02 3.67808e-01
100 -1.37521e+02 3.55715e-01
100 -1.40137e+02 3.71738e-01
100 -1.41156e+02 3.66407e-01
100 -1.38147e+02 3.63643e-01
100 -1.41190e+02 3.53765e-01
100 -1.40992e+02 3.61509e-01
100 -1.39915e+02 3.70914e-01
100 -1.39367e+02 3.59836e-01
100 -1.39550e+02 3.51021e-01
100 -1.40581e+02 3.68026e-01
100 -1.37409e+02 3.70640e-01
100 -1.41183e+02 3.69753e-01
100 -1.38974e+02 3.55981e-01
100 -1.41566e+02 3.61729e-01
100 -1.40163e+02 3.54056e-01
100 -1.38901e+02 3.60117e-01
100 -1.38546e+02 3.46676e-01
100 -1.40502e+02 3.54188e-01
100 -1.41381e+02 3.61557e-01
